[317 279 124 176 252 172 266 245 248 267]
[279 338 157 208 285 168 296 287 252 269]
[124 157 157 121 138  90 118 170 129 178]
[176 208 121 185 214 132 180 222 147 162]
[252 285 138 214 380 181 265 319 216 249]
[172 168  90 132 181 183 217 165 125 161]
[266 296 118 180 265 217 374 248 227 226]
[245 287 170 222 319 165 248 328 237 230]
[248 252 129 147 216 125 227 237 233 217]
[267 269 178 162 249 161 226 230 217 320]
